40
74
85
11
16
55
77
89
78
42
89
94
98
85
65
84
35
1
36
56
30
99
10
2
64
10
18
50
27
61
71
75
63
45
87
37
37
33
54
67
26
79
44
14
18
95
42
57
24
17
17
58
5
27
55
41
65
84
47
6
37
28
63
17
72
15
32
54
99
28
47
2
47
70
30
52
56
96
84
69
69
62
27
10
45
13
71
36
90
46
73
54
86
49
30
99
17
27
43
4
64
89
58
96
71
16
12
35
98
4
85
69
100
79
37
75
1
54
73
60
45
97
64
54
56
93
16
98
40
31
36
30
54
81
6
80
5
31
40
30
2
36
38
87
61
4
55
8
12
55
99
64
55
83
60
67
25
5
41
78
100
14
96
67
69
56
16
19
74
57
71
71
14
44
58
9
59
77
93
53
39
9
86
86
33
72
76
71
22
39
56
100
91
62
30
88
40
71
19
6
88
36
35
56
84
29
50
11
26
51
9
48
12
89
39
92
29
11
35
97
81
46
98
35
2
72
80
52
14
71
69
88
59
88
65
4
75
31
2
5
23
65
46
72
31
8
88
3
24
39
60
30
37
23
26
43
39
100
54
13
49
98
97
55
82
21
90
25
24
36
18
98
9
30
74
16
100
26
5
95
84
78
29
76
12
40
51
37
63
23
66
75
78
90
57
26
69
91
91
10
19
64
79
89
22
62
21
8
49
10
43
13
96
59
29
71
69
22
44
42
70
53
62
2
70
43
21
20
74
49
48
10
36
95
77
21
100
41
55
51
19
44
89
53
80
53
80
19
61
86
57
48
48
49
41
66
2
77
19
79
41
2
34
1
63
34
78
1
83
9
72
29
67
93
24
26
65
10
23
18
64
3
60
89
93
100
62
87
55
11
19
24
22
76
10
17
11
89
90
46
76
79
37
52
15
28
81
55
25
15
2
93
55
2
16
39
43
46
8
63
73
91
47
72
91
49
7
91
84
7
16
76
20
77
42
86
66
8
74
65
20
7
63
40
10
26
69
21
61
71
75
65
81
28
74
86
32
65
62
66
21
90
72
18
100
26
74
78
60
31
73
35
72
44
44
67
29
8
62
65
80
87
31
14
33
51
96
92
3
56
54
2
46
8
45
30
35
45
40
85
53
92
61
31
98
40
94
38
84
8
58
24
3
98
87
35
60
58
86
50
30
82
75
4
77
72
90
64
100
14
32
84
68
78
12
89
26
100
16
93
57
59
9
96
99
30
99
49
22
10
70
78
59
91
55
72
17
57
54
26
51
31
39
70
77
74
57
26
86
99
9
60
43
94
93
72
74
80
6
47
74
42
43
90
45
55
26
78
24
41
72
70
47
90
43
27
21
39
20
25
74
74
63
23
2
10
35
66
99
83
98
37
52
7
53
10
89
49
26
22
49
79
2
45
27
40
14
53
51
66
52
35
61
81
74
1
79
20
88
35
20
61
80
41
44
36
18
40
38
34
39
72
13
98
77
95
72
19
96
62
97
83
15
33
32
63
77
71
34
52
32
69
61
92
3
89
100
61
2
92
22
74
16
18
28
81
23
63
4
79
30
60
24
27
38
38
46
48
10
81
59
47
7
86
2
70
11
22
96
89
96
11
18
5
40
23
67
97
5
51
41
14
68
55
23
72
45
35
54
65
43
53
52
21
33
76
68
31
16
58
71
2
68
16
83
19
43
20
87
16
71
50
43
59
40
45
80
52
63
31
25
76
68
31
46
44
60
97
72
65
56
37
81
47
81
40
47
52
73
5
30
26
49
39
94
94
10
93
81
89
96
16
68
86
33
95
34
37
70
40
59
46
49
22
60
35
69
96
79
1
99
28
80
59
2
100
27
30
37
52
34
68
16
84
70
40
69
96
15
86
7
11
82
33
46
84
78
28
79
60
26
14
14
81
91
68
37
10
85
34
69
4
100
18
6
92
31
65
53
21
67
73
82
93
95
88
46
47
13
18
22
100
52
78
27
20
54
36
94
2
3
59
12
81
18
3
11
65
27
54
54
13
75
58
94
53
33
22
87
3
23
90
97
67
12
69
52
22
92
86
38
96
72
52
18
8
62
1
75
92
77
82
20
59
65
9
25
95
85
75
88
33
50
91
80
13
63
46
70
50
52
89
74
41
17
59
42
24
40
86
91
32
47
95
26
41
71
39
2
3
44
58
38
17
99
6
47
82
72
5
46
17
32
26
41
88
9
80
43
7
68
1
55
99
84
56
87
55
66
39
43
25
44
67
6
94
52
57
43
12
12
61
52
35
41
75
1
21
55
38
33
91
96
95
35
44
3
39
33
43
20
92
16
34
63
22
73
65
21
47
37
53
37
32
95
8
49
20
58
10
56
66
100
28
7
52
29
50
32
62
92
14
24
100
92
21
45
19
73
20
2
36
1
9
2
81
55
65
100
28
95
84
81
24
88
54
93
89
28
11
93
24
34
59
56
23
29
38
40
75
64
31
47
39
9
20
66
91
27
27
98
65
50
5
68
8
34
1
13
39
28
57
92
63
28
79
3
42
54
80
52
17
25
25
64
65
37
43
16
68
88
2
62
1
13
29
74
29
92
48
89
29
25
2
48
8
39
85
11
30
18
25
38
48
75
81
40
26
42
3
72
92
85
45
51
27
95
91
50
100
6
75
50
7
91
23
93
24
78
57
26
52
32
86
51
64
65
15
26
33
89
48
88
89
77
98
44
80
51
22
13
49
36
12
25
44
75
31
58
53
89
17
48
85
78
20
60
100
95
87
62
80
65
18
11
58
87
61
31
93
79
13
74
57
44
77
17
20
62
7
90
34
58
74
44
72
1
3
12
57
39
45
86
64
60
33
85
19
1
67
57
14
1
65
74
77
44
91
42
1
4
41
38
88
98
28
23
91
74
40
57
85
49
74
55
34
27
10
97
11
93
99
20
95
51
76
34
93
1
68
29
10
61
12
54
99
8
98
66
33
11
94
45
62
10
72
66
28
11
40
50
34
95
31
8
6
21
43
38
23
95
31
91
7
11
48
24
38
21
57
27
30
44
65
1
100
54
58
85
79
11
7
82
61
18
95
16
30
4
49
78
65
60
44
39
80
4
39
52
63
49
28
8
55
14
20
91
30
31
9
52
64
59
60
13
88
49
31
89
16
33
94
34
73
80
63
70
1
27
21
96
16
7
23
31
83
99
28
48
99
5
86
100
96
97
14
7
1
31
51
32
73
50
36
31
55
94
36
76
51
50
91
4
10
13
37
58
36
29
31
89
21
83
91
12
47
95
39
76
66
56
70
70
76
90
23
67
71
93
77
89
64
53
97
49
14
82
91
83
61
57
71
72
1
62
11
91
60
25
84
60
56
60
10
95
81
21
28
21
90
71
87
43
53
42
26
69
87
42
98
65
5
56
16
10
86
98
70
15
79
33
7
47
10
17
34
5
43
2
68
93
54
70
93
91
70
29
20
59
37
42
4
18
27
19
56
100
45
1
10
84
52
14
42
57
64
41
34
36
9
21
27
85
75
5
11
35
63
25
40
58
79
11
79
37
29
90
20
91
61
34
60
42
92
85
42
41
28
36
27
30
95
84
51
16
15
20
44
22
9
22
37
20
62
53
6
42
36
5
28
75
21
44
76
76
62
86
93
90
64
71
7
27
98
11
63
95
61
63
23
10
46
99
83
40
97
41
80
40
80
1
5
24
9
53
9
51
9
76
54
29
27
55
59
38
16
10
22
52
90
11
82
73
83
19
29
23
62
37
79
22
7
54
11
64
66
84
19
46
2
12
87
86
9
94
84
92
40
45
24
87
19
29
50
69
20
32
41
90
24
86
90
73
97
33
23
73
44
96
72
33
91
77
50
78
25
97
64
90
35
38
83
17
13
93
3
79
4
42
45
34
43
29
22
16
23
14
89
76
71
11
48
45
73
92
96
42
79
72
44
23
69
52
56
87
4
74
61
5
31
45
69
3
52
38
90
63
55
34
56
12
8
88
19
24
90
39
44
21
97
62
100
33
98
22
66
92
74
36
13
49
54
85
46
27
42
46
94
36
3
34
87
45
16
33
16
81
33
33
97
65
31
40
8
70
46
37
5
30
73
98
89
20
22
8
58
23
43
93
82
45
46
9
19
64
75
55
17
66
6
86
60
42
39
49
19
15
78
77
82
6
41
64
63
5
45
68
24
9
76
93
39
41
51
53
20
22
21
45
95
91
21
40
25
87
39
48
81
73
89
44
46
66
11
77
4
83
46
14
19
7
31
8
91
14
48
19
91
87
30
97
94
33
82
91
85
2
39
77
67
98
87
51
21
32
47
73
30
74
49
37
77
8
27
89
60
14
50
12
39
20
57
94
44
92
51
14
84
21
93
2
44
69
47
22
21
80
88
59
67
75
90
17
38
93
21
87
7
94
31
72
53
28
38
48
41
93
7
29
82
34
90
10
82
48
94
8
61
5
69
80
27
91
45
64
31
40
56
52
72
64
7
90
90
22
50
16
32
100
81
28
74
60
77
33
86
80
36
91
99
