18
22
83
15
45
96
8
49
54
27
69
45
36
67
3
51
89
13
46
12
39
92
48
40
34
17
46
88
52
4
96
35
61
92
75
56
52
74
41
6
93
61
25
88
16
3
96
8
17
89
46
95
13
43
64
27
75
44
81
29
50
21
97
51
32
35
84
45
92
48
99
15
72
40
19
78
68
60
25
32
22
38
72
63
59
2
22
18
28
49
81
9
94
13
56
73
64
75
57
82
19
51
16
69
91
31
23
73
25
86
59
15
19
50
7
13
49
34
92
31
13
67
18
43
67
90
22
60
85
47
14
93
4
43
13
71
22
3
73
29
79
50
94
42
91
66
90
45
6
44
24
31
84
27
69
53
34
74
3
1
9
63
89
78
72
67
12
77
37
36
91
47
62
64
52
64
74
76
53
1
1
77
55
41
23
84
10
78
75
60
38
49
1
73
20
17
61
16
71
24
55
14
8
70
54
77
69
20
75
6
79
59
21
2
1
33
8
48
55
88
58
35
3
78
99
42
47
90
45
36
3
58
5
30
47
87
70
86
88
47
16
90
3
69
82
80
29
99
73
88
9
14
61
83
66
20
12
31
71
12
31
80
76
40
3
21
54
91
55
14
63
23
61
9
73
68
32
34
96
20
13
48
17
57
28
90
97
23
64
28
76
39
15
76
16
36
14
64
67
61
26
38
45
59
25
86
54
53
10
98
88
79
35
52
100
83
63
19
12
13
24
31
28
28
39
25
8
85
93
38
54
69
67
36
94
76
4
59
33
42
37
45
14
66
40
97
5
64
77
33
73
96
52
55
37
96
11
18
21
1
78
69
60
72
44
20
13
99
59
24
80
5
87
71
76
80
18
62
88
42
21
45
8
61
66
59
17
12
100
99
65
86
38
33
64
69
86
42
22
20
85
6
6
53
54
68
9
82
79
58
79
50
30
79
80
34
61
100
7
86
3
1
100
60
60
95
68
55
7
8
95
76
40
68
57
15
40
56
8
98
51
36
34
42
21
16
57
59
53
31
8
86
36
37
18
85
6
46
94
59
1
55
75
72
64
3
10
62
23
65
94
6
93
10
35
67
67
59
40
44
39
9
2
77
100
9
41
3
51
72
10
95
62
49
97
96
62
63
79
18
7
95
37
88
37
3
94
26
3
51
19
48
7
50
21
92
53
98
72
55
63
7
12
51
56
100
44
44
13
39
5
5
80
22
38
44
73
15
40
98
15
15
1
100
54
63
88
12
28
6
44
65
91
24
55
100
84
87
33
38
59
50
14
64
47
14
68
85
12
78
20
39
59
74
41
49
6
12
97
93
12
32
17
8
96
41
14
56
67
39
61
87
83
3
40
65
1
38
54
41
95
4
100
51
86
5
7
17
84
7
94
72
90
40
27
27
34
7
68
6
100
13
18
74
17
34
57
57
35
76
48
69
58
56
98
9
32
66
23
92
35
98
73
61
45
89
97
43
76
13
31
95
70
49
42
83
86
27
34
52
49
50
83
8
59
25
14
34
42
18
95
68
84
77
71
3
40
58
29
29
38
14
81
22
45
54
99
10
15
15
24
6
33
71
43
85
15
65
3
20
75
63
1
59
19
64
11
94
78
39
44
29
98
6
15
35
70
61
64
6
27
5
20
28
95
89
36
14
34
86
88
76
55
9
54
75
14
22
3
82
43
6
32
77
72
96
9
27
57
9
15
54
2
98
94
71
44
74
64
30
28
98
60
92
52
68
74
89
52
40
22
48
59
82
63
22
73
43
56
100
81
9
58
25
71
34
75
58
16
84
32
40
59
74
55
46
46
41
25
5
22
20
76
17
88
67
96
20
35
73
99
1
19
64
50
19
41
36
21
18
93
16
74
68
8
82
90
85
28
18
77
33
19
52
79
62
34
41
38
5
39
55
23
44
86
32
22
96
24
36
5
11
20
8
12
6
46
9
10
7
78
11
93
18
96
67
83
68
86
88
86
100
98
17
80
39
94
31
83
77
60
95
62
92
13
67
14
11
40
73
16
25
32
32
27
28
63
5
48
20
50
55
10
37
51
6
13
3
29
74
13
16
27
33
47
84
50
2
5
30
53
72
28
14
73
61
69
67
91
53
76
89
83
63
28
6
85
25
41
8
54
11
83
67
61
100
99
99
85
44
78
62
1
19
67
78
27
97
64
91
37
47
12
76
98
24
34
64
6
41
99
25
61
98
76
42
89
61
53
73
62
71
82
48
75
15
89
65
97
50
79
89
61
51
71
8
100
7
70
37
